<<<<<<< HEAD
=======
0  0  0  0  0  0  0  0  0  0  0  0  0  0  0  0  0  0  0  3
0  0  0  0  0  0  0  0  0  0  0  0  0  0  0  0  0  0  8  
0  0  0  0  0  0  0  0  0  0  0  0  0  0  0  0  0  0  0  
0  0  0  0  0  0  0  0  0  0  0  0  0  0  0  0  0  0  0  
0  0  0  0  0  0  0  0  0  0  0  0  0  0  0  0  0  0  0  
0  0  0  0  0  0  0  0  0  0  0  0  0  0  0  0  0  0  0  
0  0  0  0  0  0  0  0  0  0  0  0  0  0  0  0  0  0  0  
0  0  0  0  0  0  0  0  0  0  0  0  0  0  0  0  0  0  0  
0  0  0  0  0  0  0  0  0  0  0  0  0  0  0  0  0  0  8  
0  0  0  0  0  0  0  0  0  0  0  0  0  0  0  0  0  0  8  
>>>>>>> branch 'master' of https://github.com/Twarz/RPG-Project
